v1
216
1 0 0 0 3 0 1 2 -1.00
1 0 0 0 3 0 2 1 -1.00
1 0 0 0 3 1 0 2 -1.00
1 0 0 0 3 1 2 0 -1.00
1 0 0 0 3 2 0 1 -1.00
1 0 0 0 3 2 1 0 -1.00
0 0 0 0 3 0 1 2 4.00
0 0 0 0 3 0 2 1 -1.00
0 0 0 0 3 1 0 2 4.00
0 0 0 0 3 1 2 0 -1.00
0 0 0 0 3 2 0 1 -1.00
0 0 0 0 3 2 1 0 -1.00
1 1 0 0 3 0 1 2 9.00
1 1 0 0 3 0 2 1 8.99
1 1 0 0 3 1 0 2 9.00
1 1 0 0 3 1 2 0 8.99
1 1 0 0 3 2 0 1 8.99
1 1 0 0 3 2 1 0 9.00
1 0 0 1 3 1 0 2 -1.00
1 0 0 1 3 0 1 2 -1.00
1 0 0 1 3 0 2 1 -1.00
1 0 0 1 3 1 2 0 -1.00
1 0 0 1 3 2 0 1 -1.00
1 0 0 1 3 2 1 0 -1.00
1 0 1 0 3 0 1 2 9.00
1 0 1 0 3 0 2 1 9.00
1 0 1 0 3 1 0 2 9.00
1 0 1 0 3 1 2 0 8.99
1 0 1 0 3 2 0 1 8.99
1 0 1 0 3 2 1 0 8.99
0 0 0 1 3 0 1 2 4.00
0 0 0 1 3 0 2 1 -1.00
0 0 0 1 3 1 0 2 4.00
0 0 0 1 3 1 2 0 -1.00
0 0 0 1 3 2 0 1 -1.00
0 0 0 1 3 2 1 0 -1.00
1 1 0 1 3 0 1 2 9.00
1 1 0 1 3 0 2 1 8.99
1 1 0 1 3 1 0 2 9.00
1 1 0 1 3 1 2 0 8.96
1 1 0 1 3 2 0 1 8.98
1 1 0 1 3 2 1 0 8.99
2 0 0 0 3 0 1 2 -3.00
2 0 0 0 3 0 2 1 -3.00
2 0 0 0 3 1 0 2 -3.00
2 0 0 0 3 1 2 0 -3.00
2 0 0 0 3 2 0 1 -3.00
2 0 0 0 3 2 1 0 -3.00
0 0 1 1 3 0 2 1 14.00
0 0 1 1 3 0 1 2 18.99
0 0 1 1 3 1 0 2 19.00
0 0 1 1 3 1 2 0 14.00
0 0 1 1 3 2 0 1 13.97
0 0 1 1 3 2 1 0 14.00
1 1 1 0 3 0 2 1 19.00
1 1 1 0 3 0 1 2 18.99
1 1 1 0 3 1 0 2 18.99
1 1 1 0 3 1 2 0 18.98
1 1 1 0 3 2 0 1 19.00
1 1 1 0 3 2 1 0 18.97
2 0 1 2 3 1 2 0 7.00
2 0 1 2 3 0 1 2 7.00
2 0 1 2 3 0 2 1 6.98
2 0 1 2 3 1 0 2 7.00
2 0 1 2 3 2 0 1 7.00
2 0 1 2 3 2 1 0 6.99
0 0 1 2 3 0 1 2 19.00
0 0 1 2 3 0 2 1 14.00
0 0 1 2 3 1 0 2 19.00
0 0 1 2 3 1 2 0 13.89
0 0 1 2 3 2 0 1 14.00
0 0 1 2 3 2 1 0 13.97
0 1 0 2 3 0 1 2 19.00
0 1 0 2 3 0 2 1 13.99
0 1 0 2 3 1 0 2 18.99
0 1 0 2 3 1 2 0 13.99
0 1 0 2 3 2 0 1 13.96
0 1 0 2 3 2 1 0 14.00
1 0 0 2 3 0 1 2 -1.00
1 0 0 2 3 0 2 1 -1.00
1 0 0 2 3 1 0 2 -1.00
1 0 0 2 3 1 2 0 -1.00
1 0 0 2 3 2 0 1 -1.00
1 0 0 2 3 2 1 0 -1.00
0 0 0 2 3 0 1 2 4.00
0 0 0 2 3 0 2 1 -1.00
0 0 0 2 3 1 0 2 4.00
0 0 0 2 3 1 2 0 -1.00
0 0 0 2 3 2 0 1 -1.00
0 0 0 2 3 2 1 0 -1.00
2 0 1 1 3 0 1 2 7.00
2 0 1 1 3 0 2 1 6.99
2 0 1 1 3 1 0 2 7.00
2 0 1 1 3 1 2 0 6.99
2 0 1 1 3 2 0 1 6.99
2 0 1 1 3 2 1 0 7.00
2 1 0 2 3 2 0 1 7.00
2 1 0 2 3 0 1 2 6.98
2 1 0 2 3 0 2 1 6.99
2 1 0 2 3 1 0 2 6.99
2 1 0 2 3 1 2 0 6.99
2 1 0 2 3 2 1 0 6.99
0 1 0 1 3 1 2 0 14.00
0 1 0 1 3 0 2 1 13.99
0 1 0 1 3 0 1 2 18.98
0 1 0 1 3 1 0 2 19.00
0 1 0 1 3 2 0 1 13.97
0 1 0 1 3 2 1 0 13.99
0 1 0 0 3 0 1 2 19.00
0 1 0 0 3 0 2 1 13.96
0 1 0 0 3 1 0 2 18.98
0 1 0 0 3 1 2 0 13.99
0 1 0 0 3 2 0 1 14.00
0 1 0 0 3 2 1 0 13.97
0 0 1 0 3 0 1 2 19.00
0 0 1 0 3 0 2 1 13.93
0 0 1 0 3 1 0 2 18.99
0 0 1 0 3 1 2 0 13.99
0 0 1 0 3 2 0 1 13.99
0 0 1 0 3 2 1 0 13.99
0 1 1 1 3 2 1 0 24.00
0 1 1 1 3 0 1 2 28.99
0 1 1 1 3 0 2 1 23.98
0 1 1 1 3 1 0 2 29.00
0 1 1 1 3 1 2 0 23.98
0 1 1 1 3 2 0 1 23.98
2 0 0 2 3 1 0 2 -3.00
2 0 0 2 3 0 1 2 -3.00
2 0 0 2 3 0 2 1 -3.00
2 0 0 2 3 1 2 0 -3.00
2 0 0 2 3 2 0 1 -3.00
2 0 0 2 3 2 1 0 -3.00
2 1 0 0 3 0 1 2 7.00
2 1 0 0 3 1 2 0 7.00
2 1 0 0 3 0 2 1 6.99
2 1 0 0 3 1 0 2 7.00
2 1 0 0 3 2 0 1 7.00
2 1 0 0 3 2 1 0 7.00
2 0 1 0 3 0 1 2 7.00
2 0 1 0 3 0 2 1 7.00
2 0 1 0 3 1 0 2 7.00
2 0 1 0 3 1 2 0 6.99
2 0 1 0 3 2 0 1 7.00
2 0 1 0 3 2 1 0 7.00
0 1 1 0 3 0 2 1 24.00
0 1 1 0 3 0 1 2 28.97
0 1 1 0 3 1 0 2 29.00
0 1 1 0 3 1 2 0 23.99
0 1 1 0 3 2 0 1 24.00
0 1 1 0 3 2 1 0 24.00
1 1 1 2 3 0 1 2 19.00
1 1 1 2 3 0 2 1 19.00
1 1 1 2 3 1 0 2 18.98
1 1 1 2 3 1 2 0 18.99
1 1 1 2 3 2 0 1 18.98
1 1 1 2 3 2 1 0 19.00
1 1 1 1 3 0 1 2 19.00
1 1 1 1 3 0 2 1 18.99
1 1 1 1 3 1 0 2 18.99
1 1 1 1 3 1 2 0 19.00
1 1 1 1 3 2 0 1 19.00
1 1 1 1 3 2 1 0 18.99
1 0 1 1 3 0 1 2 9.00
1 0 1 1 3 0 2 1 8.99
1 0 1 1 3 1 0 2 8.99
1 0 1 1 3 1 2 0 8.95
1 0 1 1 3 2 0 1 8.98
1 0 1 1 3 2 1 0 8.99
2 1 1 2 3 0 1 2 17.00
2 1 1 2 3 0 2 1 16.99
2 1 1 2 3 1 0 2 16.99
2 1 1 2 3 1 2 0 16.98
2 1 1 2 3 2 0 1 16.99
2 1 1 2 3 2 1 0 16.99
2 1 1 1 3 0 1 2 17.00
2 1 1 1 3 0 2 1 16.99
2 1 1 1 3 1 0 2 16.99
2 1 1 1 3 1 2 0 16.97
2 1 1 1 3 2 0 1 16.99
2 1 1 1 3 2 1 0 16.96
2 0 0 1 3 0 1 2 -3.00
2 0 0 1 3 0 2 1 -3.00
2 0 0 1 3 1 0 2 -3.00
2 0 0 1 3 1 2 0 -3.00
2 0 0 1 3 2 0 1 -3.00
2 0 0 1 3 2 1 0 -3.00
2 1 1 0 3 0 1 2 17.00
2 1 1 0 3 0 2 1 16.99
2 1 1 0 3 1 0 2 17.00
2 1 1 0 3 1 2 0 16.99
2 1 1 0 3 2 0 1 16.99
2 1 1 0 3 2 1 0 16.99
0 1 1 2 3 0 1 2 29.00
0 1 1 2 3 0 2 1 23.98
0 1 1 2 3 1 0 2 28.88
0 1 1 2 3 1 2 0 23.96
0 1 1 2 3 2 0 1 23.98
0 1 1 2 3 2 1 0 23.93
1 0 1 2 3 2 0 1 9.00
1 0 1 2 3 0 1 2 8.98
1 0 1 2 3 0 2 1 8.98
1 0 1 2 3 1 0 2 8.99
1 0 1 2 3 1 2 0 8.99
1 0 1 2 3 2 1 0 8.99
2 1 0 1 3 0 1 2 7.00
2 1 0 1 3 0 2 1 6.98
2 1 0 1 3 1 0 2 7.00
2 1 0 1 3 1 2 0 6.99
2 1 0 1 3 2 0 1 7.00
2 1 0 1 3 2 1 0 7.00
1 1 0 2 3 0 1 2 9.00
1 1 0 2 3 0 2 1 8.99
1 1 0 2 3 1 0 2 8.98
1 1 0 2 3 1 2 0 8.99
1 1 0 2 3 2 0 1 8.98
1 1 0 2 3 2 1 0 9.00
